1178 560 298 843 935 20
1197 477 372 836 1105 20
1125 565 366 860 1051 20
934 373 177 742 891 20
1135 648 273 894 1048 20
923 443 384 916 1024 20
989 517 173 697 949 20
1046 366 398 708 1135 20
1178 420 310 735 958 20
1097 390 246 676 943 20
1217 610 410 951 1012 20
1209 570 308 754 909 20
952 576 338 811 900 20
1003 593 317 747 1152 20
1093 401 441 894 1032 20
1127 565 297 766 1025 20
1025 471 388 719 900 20
1102 527 338 762 884 20
1152 360 331 864 992 20
979 602 391 701 1020 20
947 475 245 848 1164 20
1060 373 287 732 1109 20
1164 512 252 911 890 20
1209 512 220 761 1170 20
1141 572 290 919 1091 20
1221 411 368 921 1000 20
1106 511 224 755 1112 20
1130 451 172 870 1037 20
1188 460 372 707 1157 20
1087 628 444 776 1014 20
998 519 296 803 1131 20
1005 411 422 725 1068 20
1115 434 308 726 900 20
1166 576 273 775 961 20
982 647 294 955 1117 20
1053 500 184 941 1134 20
1133 483 453 793 1173 20
928 359 346 810 1076 20
1097 628 247 716 1083 20
948 535 300 893 882 20
951 648 339 876 1022 20
1030 577 379 884 1114 20
1056 363 227 874 1127 20
1181 429 172 733 1050 20
1124 559 356 931 1019 20
1081 577 291 835 977 20
1069 441 374 845 1065 20
1092 366 189 787 1027 20
1023 499 398 910 1097 20
1031 585 363 947 1124 20
977 377 421 969 928 20
977 354 436 957 1000 20
1102 614 445 866 1024 20
105 871 532 262 1213 10
294 954 354 357 1222 10
69 791 464 418 1118 10
92 721 405 281 1226 10
91 822 336 378 1166 10
304 796 434 412 1183 10
250 665 335 321 997 10
341 768 493 372 1056 10
227 693 558 382 1098 10
332 719 299 311 956 10
119 738 279 311 1002 10
156 814 438 416 1203 10
235 811 526 388 1129 10
170 876 517 285 964 10
145 732 533 293 1153 10
208 899 446 281 1031 10
60 687 378 245 1206 10
125 877 549 417 1031 10
60 851 313 280 1087 10
288 792 571 228 1231 10
158 662 485 448 1169 10
294 710 342 320 1092 10
255 856 545 229 1242 10
348 804 507 444 1146 10
205 793 540 242 976 10
161 781 273 263 1000 10
246 739 416 173 1186 10
82 857 490 348 1230 10
63 843 491 428 1070 10
317 884 388 311 1113 10
160 949 383 163 1021 10
165 806 291 361 950 10
65 685 320 232 1034 10
233 848 390 392 1070 10
200 800 519 260 1048 10
244 904 317 307 1204 10
176 723 291 357 1067 10
100 924 274 228 1003 10
193 926 328 393 1047 10
251 803 275 226 1156 10
251 843 571 205 1198 10
94 917 322 340 1125 10
162 776 383 377 1034 10
114 721 284 298 991 10
66 896 486 308 1148 10
318 760 558 228 1173 10
316 739 440 195 1130 10
168 911 462 200 990 10
211 819 430 310 1106 10
284 918 356 220 970 10
268 918 447 364 1103 10
88 732 347 221 1164 10
119 917 360 240 1149 10
977 1109 443 190 166 25
866 882 432 181 207 25
928 911 418 344 36 25
971 1042 340 414 262 25
916 895 409 386 97 25
849 1102 566 429 208 25
909 1025 474 268 196 25
902 877 402 274 18 25
756 1026 369 428 202 25
840 997 371 398 58 25
751 913 332 183 224 25
943 933 580 308 129 25
867 883 509 230 33 25
885 851 339 419 275 25
872 1012 388 131 225 25
858 1042 341 218 106 25
862 909 405 333 142 25
1005 1041 522 415 63 25
827 1097 423 164 242 25
870 963 390 407 196 25
877 1068 346 304 192 25
879 980 476 338 94 25
894 1054 480 295 83 25
923 1004 522 209 160 25
875 887 493 181 284 25
942 939 551 225 204 25
882 1076 368 253 247 25
1028 897 452 249 251 25
799 873 534 309 148 25
972 988 291 257 76 25
814 846 383 348 182 25
994 974 425 391 96 25
1000 832 581 312 88 25
1021 852 421 210 82 25
905 912 359 412 284 25
871 934 469 371 202 25
761 897 520 254 207 25
766 973 328 308 239 25
787 985 326 288 290 25
805 969 538 327 40 25
906 980 472 307 274 25
971 871 402 291 123 25
953 993 557 329 47 25
767 973 545 294 61 25
825 1002 413 159 189 25
900 877 547 150 160 25
896 1071 504 302 42 25
800 871 450 342 131 25
1004 1002 299 217 288 25
775 1028 458 319 79 25
771 1073 465 355 258 25
886 1015 556 187 102 25
853 840 536 366 56 25
199 236 40 232 5 1
171 148 258 94 160 1
61 195 126 8 39 1
214 229 177 128 173 1
299 12 203 87 82 1
204 15 145 201 95 1
270 189 26 64 19 1
124 201 69 56 178 1
177 180 260 21 60 1
51 272 148 9 47 1
181 25 228 157 215 1
52 221 107 246 61 1
128 49 253 91 290 1
223 276 161 207 223 1
114 92 277 170 189 1
39 124 143 23 85 1
44 122 107 221 297 1
183 92 42 21 86 1
299 65 217 33 2 1
261 151 61 205 295 1
283 260 202 29 283 1
47 71 193 158 79 1
71 144 170 63 238 1
38 125 283 137 133 1
180 267 84 80 157 1
203 2 2 267 120 1
75 113 60 108 120 1
200 40 283 94 13 1
130 125 245 146 286 1
252 150 119 195 114 1
286 140 23 289 21 1
175 290 104 24 172 1
75 108 119 283 197 1
22 223 163 263 64 1
242 199 266 121 191 1
46 161 91 39 173 1
19 215 288 165 39 1
299 92 71 250 45 1
81 292 143 179 156 1
120 205 204 15 69 1
14 109 261 0 157 1
218 230 52 223 78 1
13 152 72 285 65 1
87 173 109 219 31 1
243 248 275 184 51 1
38 32 209 110 217 1
156 241 122 240 82 1
185 278 174 228 105 1
144 182 237 120 8 1
75 64 147 67 285 1
128 190 244 127 296 1
247 290 271 98 173 1
283 60 54 155 236 1
199 617 1015 878 782 16
100 848 813 907 780 16
145 619 1002 936 678 16
229 635 940 936 863 16
342 558 855 921 775 16
103 671 808 1036 797 16
273 676 807 966 898 16
118 725 958 900 679 16
315 703 991 1088 686 16
233 665 763 886 781 16
139 605 833 949 715 16
348 659 894 1112 626 16
145 581 849 1121 655 16
226 570 764 1039 815 16
202 799 874 1025 859 16
318 696 979 1085 881 16
160 567 974 980 663 16
132 825 1019 1075 627 16
224 696 766 831 716 16
332 719 996 1117 692 16
187 809 982 1018 886 16
289 836 864 999 912 16
237 632 845 1119 893 16
354 749 961 955 653 16
335 743 941 1108 862 16
213 593 792 930 815 16
233 636 768 850 629 16
284 741 917 1039 773 16
223 685 1029 941 819 16
216 708 952 903 717 16
307 589 881 868 717 16
134 706 890 892 783 16
327 802 934 879 664 16
356 572 791 874 796 16
94 691 1011 1021 660 16
192 847 929 934 730 16
122 657 897 1017 700 16
115 804 895 946 787 16
120 665 739 894 795 16
323 709 774 958 749 16
312 750 860 1043 689 16
86 608 959 1063 841 16
343 693 937 866 764 16
195 852 765 1061 851 16
230 578 1005 922 822 16
198 732 971 836 729 16
98 728 893 879 892 16
70 563 915 862 753 16
143 572 791 1067 746 16
87 771 882 914 695 16
245 704 864 1044 697 16
355 828 803 1051 784 16
364 558 893 985 645 16
1087 570 738 895 437 23
1160 324 842 793 247 23
1013 403 797 986 322 23
919 452 744 805 150 23
931 488 856 869 199 23
955 356 792 918 269 23
1140 381 853 819 385 23
1074 466 724 1013 207 23
1128 524 889 774 185 23
1190 311 672 946 253 23
1009 563 659 767 432 23
913 281 816 743 150 23
974 360 698 816 244 23
955 301 686 935 280 23
973 506 705 774 347 23
1067 383 952 804 162 23
1060 511 868 925 394 23
1198 451 834 911 293 23
982 401 946 998 379 23
1209 430 859 1006 393 23
1067 500 777 980 362 23
1046 455 775 868 355 23
912 393 856 858 427 23
1055 399 678 917 420 23
1135 535 890 818 223 23
1124 469 948 786 283 23
1027 541 797 858 304 23
1140 292 908 947 175 23
1208 348 790 878 170 23
1105 289 768 946 296 23
1117 461 804 916 405 23
1090 431 663 975 276 23
1091 371 936 970 411 23
1147 529 764 943 232 23
1081 288 675 733 145 23
983 386 689 768 352 23
963 385 865 914 375 23
1019 467 907 952 427 23
1162 418 664 837 182 23
1092 426 711 821 207 23
932 346 824 770 300 23
1103 549 840 1009 357 23
1177 559 716 868 438 23
1111 398 729 1003 288 23
997 409 760 759 222 23
1151 341 757 981 234 23
1003 313 804 779 273 23
1139 507 672 732 233 23
1142 372 833 845 294 23
1060 416 705 930 321 23
1144 430 674 826 424 23
1103 569 676 885 323 23
1135 312 904 800 312 23
759 926 294 819 101 27
765 1001 376 867 167 27
788 775 348 755 178 27
865 938 522 818 200 27
630 764 447 845 65 27
815 829 490 1007 59 27
734 874 303 881 164 27
897 769 481 824 301 27
701 826 483 771 205 27
834 949 534 946 136 27
689 895 381 1003 200 27
766 883 295 787 272 27
763 926 277 928 48 27
736 954 442 910 144 27
915 1050 324 897 110 27
876 1012 284 1021 183 27
915 965 510 993 83 27
773 792 312 821 21 27
858 1026 291 770 102 27
717 1050 536 870 200 27
726 828 336 1051 167 27
861 996 424 1007 62 27
838 827 496 760 267 27
701 1017 437 954 160 27
709 989 258 899 116 27
879 768 434 752 169 27
926 822 415 900 156 27
668 908 476 938 298 27
747 846 304 995 12 27
638 1051 310 791 148 27
649 1020 522 787 99 27
680 868 291 903 160 27
887 836 467 772 90 27
641 788 508 1015 202 27
633 901 316 1039 272 27
756 901 326 938 224 27
825 783 548 851 228 27
928 905 524 981 37 27
722 1031 505 960 106 27
667 913 528 944 44 27
824 896 417 909 199 27
806 768 388 932 21 27
726 991 406 791 45 27
919 915 295 818 300 27
731 1004 296 755 276 27
780 756 337 863 10 27
632 929 297 1042 43 27
643 844 293 1033 107 27
719 1043 527 861 47 27
885 932 551 1037 31 27
828 827 359 912 203 27
842 906 435 832 7 27
660 872 260 906 141 27
788 917 444 735 693 28
767 972 310 843 730 28
859 881 319 818 787 28
781 939 301 775 656 28
811 856 243 813 668 28
848 910 427 723 708 28
740 996 357 889 644 28
685 916 359 673 601 28
888 931 265 617 712 28
860 871 394 682 861 28
631 731 428 863 647 28
618 934 259 767 723 28
840 959 248 873 861 28
837 762 286 640 855 28
852 787 536 701 769 28
797 922 454 884 828 28
821 832 273 910 704 28
596 869 251 777 651 28
840 830 315 737 661 28
604 880 506 651 755 28
729 909 405 853 763 28
720 720 435 888 761 28
846 1001 358 729 837 28
599 970 449 790 714 28
892 773 393 748 802 28
778 955 522 804 806 28
806 850 325 691 867 28
782 850 373 660 794 28
623 718 442 898 581 28
879 956 497 622 601 28
786 766 511 742 619 28
793 733 340 690 831 28
796 785 286 765 818 28
725 998 379 646 825 28
892 885 394 674 674 28
737 730 349 629 638 28
616 732 422 681 735 28
800 1001 438 624 591 28
882 961 510 718 807 28
620 983 433 886 831 28
889 743 391 758 646 28
855 716 511 622 826 28
770 921 376 862 772 28
730 847 478 725 670 28
611 944 299 770 709 28
678 860 309 682 750 28
782 921 249 721 797 28
657 792 414 823 656 28
818 766 415 841 787 28
624 953 268 764 609 28
865 974 414 703 683 28
887 974 280 664 760 28
783 945 263 669 662 28
254 174 73 944 951 4
241 132 122 859 1056 4
266 248 128 938 945 4
39 35 284 767 1122 4
239 241 121 889 1084 4
279 112 15 926 1183 4
15 152 213 1008 985 4
135 171 246 918 984 4
272 45 205 909 1117 4
31 46 114 966 1187 4
201 66 4 880 990 4
92 274 143 873 1147 4
286 183 170 850 1191 4
199 266 95 793 991 4
263 111 206 719 985 4
46 278 247 914 1032 4
228 252 6 972 1190 4
160 35 261 721 1001 4
134 290 264 738 1122 4
176 233 127 890 1134 4
24 66 295 839 1038 4
168 190 254 869 927 4
12 71 244 956 953 4
138 232 6 744 1171 4
287 277 61 807 943 4
190 45 6 1007 1121 4
210 43 57 922 1099 4
287 50 238 947 933 4
51 304 31 956 1139 4
255 267 36 831 1112 4
49 93 190 924 937 4
154 116 23 936 1070 4
151 237 15 775 1112 4
111 69 141 797 1081 4
269 165 89 907 1118 4
178 49 259 715 1031 4
254 269 303 891 1006 4
142 288 8 947 1081 4
159 251 94 748 1029 4
268 156 271 861 1062 4
251 50 300 965 1205 4
59 35 113 758 1163 4
73 25 290 800 1183 4
162 21 245 827 1131 4
180 306 243 830 1022 4
221 211 18 807 1176 4
40 63 258 721 1205 4
102 45 297 834 940 4
290 281 201 894 1012 4
91 247 21 835 1216 4
297 171 83 769 950 4
291 43 279 761 1015 4
21 54 259 755 1029 4
1187 419 114 59 165 17
1005 211 62 203 9 17
946 245 129 83 71 17
1104 388 226 286 132 17
915 353 267 147 117 17
1102 145 215 91 86 17
1139 225 78 168 202 17
909 394 267 81 274 17
1076 261 102 103 101 17
1185 343 86 164 151 17
998 308 242 202 32 17
979 338 154 19 114 17
1163 337 163 209 175 17
1063 198 208 204 199 17
960 175 269 300 175 17
972 264 20 165 201 17
1133 349 21 49 235 17
953 405 155 300 45 17
982 403 181 222 173 17
1134 343 265 147 60 17
1116 241 134 248 233 17
905 343 57 136 285 17
897 167 232 295 276 17
913 318 228 89 242 17
909 307 231 187 118 17
1184 208 120 117 198 17
941 322 111 132 149 17
973 304 170 150 161 17
1103 267 244 58 72 17
988 247 277 93 10 17
1180 243 7 1 284 17
896 330 132 159 254 17
1092 290 290 290 170 17
1105 304 207 171 44 17
1166 392 38 181 212 17
1177 171 78 271 198 17
988 373 81 42 271 17
1059 171 297 107 280 17
1100 277 194 15 291 17
1136 134 48 197 191 17
983 153 272 90 9 17
962 311 235 136 171 17
957 204 250 147 85 17
1160 376 223 31 51 17
1116 366 135 140 156 17
1131 262 116 172 63 17
1104 202 49 107 144 17
1092 399 146 64 50 17
927 123 288 166 59 17
1051 235 248 202 123 17
1157 376 248 267 59 17
1077 210 178 294 243 17
948 410 250 124 161 17
250 174 169 1166 103 3
157 10 82 961 108 3
202 240 222 1125 263 3
225 33 196 1062 197 3
47 175 91 1003 166 3
35 234 130 1112 193 3
288 113 74 1062 131 3
63 177 219 1060 178 3
242 123 106 1154 169 3
90 61 11 1070 144 3
195 117 18 1178 146 3
240 128 25 1174 123 3
0 114 42 1060 196 3
103 94 28 1172 151 3
257 273 44 1050 296 3
203 95 260 1126 152 3
4 92 67 1119 287 3
114 127 259 1159 254 3
12 31 60 1219 278 3
27 267 59 1031 197 3
76 60 195 1028 17 3
48 181 130 1206 192 3
240 218 93 1190 296 3
79 102 44 1186 89 3
123 144 230 1229 167 3
175 116 281 983 132 3
187 54 26 1247 104 3
140 291 105 1175 115 3
197 271 42 1082 43 3
61 71 218 1196 143 3
44 299 32 1188 151 3
281 163 65 987 262 3
278 198 160 985 238 3
95 219 32 1173 249 3
278 1 92 1243 194 3
27 226 297 1094 145 3
238 223 223 1063 156 3
114 273 125 1219 76 3
33 38 42 1230 278 3
156 188 190 1223 60 3
72 87 306 1232 196 3
66 3 305 1239 142 3
145 191 133 1087 198 3
176 16 294 1166 26 3
105 214 118 1101 294 3
128 12 68 1160 207 3
7 77 171 1091 40 3
220 178 275 1158 114 3
16 32 60 1172 179 3
23 90 251 977 65 3
99 40 219 1050 181 3
11 28 216 1051 160 3
209 159 293 985 64 3
1073 312 936 541 1101 22
1137 426 856 334 884 22
1027 516 913 428 1030 22
1139 381 817 405 1144 22
1136 383 783 360 1055 22
1134 280 953 268 923 22
1083 527 822 540 987 22
983 275 928 473 1048 22
1092 442 878 517 910 22
880 380 821 390 1085 22
1153 508 800 519 952 22
984 412 828 397 1065 22
1023 436 923 287 1146 22
971 508 788 252 949 22
1138 508 773 297 898 22
1094 444 796 320 931 22
915 325 941 336 1166 22
1057 437 773 279 1109 22
1121 338 866 309 1081 22
982 490 967 392 896 22
889 546 995 336 1050 22
1148 289 738 543 1153 22
894 430 959 452 1105 22
1056 509 828 457 1058 22
1125 478 772 369 1072 22
895 290 957 399 926 22
890 342 915 370 897 22
876 285 806 281 1128 22
1057 439 841 333 935 22
1099 535 907 426 1083 22
1134 340 720 337 1063 22
996 458 830 431 1022 22
954 306 1003 470 884 22
1114 365 952 506 1099 22
882 415 872 370 1072 22
1001 284 893 315 960 22
883 423 1013 458 1132 22
1051 506 743 518 1103 22
1028 348 1012 378 983 22
1101 374 877 372 913 22
911 438 895 358 1125 22
1073 366 952 328 987 22
1139 314 849 490 1092 22
1038 267 909 308 1019 22
903 537 997 408 1041 22
1161 436 919 263 1135 22
1073 383 953 542 1005 22
1001 553 794 278 1152 22
967 428 737 491 962 22
996 395 941 305 1057 22
1060 310 878 364 936 22
883 416 911 447 926 22
937 403 882 388 1043 22
80 1150 1031 579 318 13
258 1155 848 396 202 13
58 1053 851 418 105 13
296 1028 936 510 259 13
278 1076 1083 307 54 13
117 955 949 429 169 13
313 1016 876 531 176 13
264 948 1067 427 263 13
105 883 893 423 78 13
246 1021 872 428 191 13
120 964 878 427 102 13
216 1085 932 512 86 13
107 1056 1110 463 339 13
72 970 993 572 281 13
265 928 892 311 116 13
74 1040 1094 422 331 13
148 948 860 309 190 13
58 903 1097 546 204 13
157 887 998 577 225 13
288 1113 986 369 234 13
51 1000 1104 413 73 13
249 949 921 375 222 13
197 1084 1048 329 64 13
340 1155 912 442 85 13
137 927 1087 414 125 13
169 980 871 428 95 13
267 1032 1121 533 91 13
230 897 950 436 276 13
48 1159 997 488 78 13
250 974 1016 426 315 13
85 920 1058 489 172 13
332 1138 915 594 264 13
143 1027 956 304 106 13
83 932 993 457 69 13
78 915 875 396 64 13
79 976 880 492 341 13
286 1075 876 417 161 13
78 951 944 581 98 13
123 899 963 533 255 13
56 1097 1047 519 252 13
107 1006 1116 466 225 13
156 959 931 464 130 13
317 880 1099 447 242 13
82 1165 1117 528 188 13
305 932 851 514 175 13
136 971 854 589 124 13
169 1141 1062 485 137 13
308 1066 1094 349 316 13
177 1077 890 392 116 13
253 890 914 408 338 13
206 1161 1112 512 201 13
254 1016 835 377 118 13
93 907 1104 586 248 13
84 905 534 911 316 11
345 1140 608 1015 335 11
248 1184 379 949 119 11
346 1177 568 940 193 11
256 1059 378 971 68 11
334 934 632 962 221 11
96 904 527 1013 352 11
349 914 394 956 101 11
216 1091 506 1029 125 11
177 912 409 823 160 11
222 996 586 864 286 11
186 1080 382 864 194 11
257 1124 467 888 102 11
113 905 503 1067 291 11
266 1171 650 906 301 11
349 1183 589 1075 331 11
271 1038 481 1053 203 11
328 944 547 875 108 11
63 960 627 831 206 11
273 1073 607 996 179 11
107 898 556 840 316 11
193 1055 543 932 313 11
178 1105 560 1074 139 11
242 1150 504 805 81 11
252 981 517 962 146 11
62 968 452 991 230 11
158 1137 363 879 340 11
212 1147 472 869 96 11
171 1167 408 838 266 11
70 899 652 1083 220 11
333 900 615 891 129 11
236 973 528 830 249 11
143 927 553 1049 209 11
168 1138 644 968 340 11
349 943 491 1038 141 11
204 1017 501 1075 146 11
306 1164 546 941 98 11
71 969 480 803 301 11
298 1130 626 1021 287 11
333 1039 632 862 162 11
256 1147 587 960 111 11
219 891 629 971 210 11
284 1114 503 924 145 11
323 999 570 1084 173 11
156 917 569 981 286 11
353 1109 592 875 126 11
123 1001 558 981 68 11
257 1062 402 977 315 11
315 912 421 915 72 11
131 1088 609 1054 205 11
72 1086 523 985 295 11
135 1035 465 1077 211 11
227 1014 502 912 272 11
257 987 83 133 125 9
63 1045 24 166 247 9
185 987 183 288 155 9
21 1080 37 201 169 9
22 916 22 211 166 9
85 982 209 218 113 9
142 957 290 286 299 9
263 937 53 38 42 9
87 872 221 82 84 9
215 1048 154 159 295 9
205 962 137 64 16 9
82 1063 46 26 86 9
260 1089 102 211 69 9
43 1028 52 238 97 9
55 1125 222 41 294 9
51 984 265 188 246 9
135 1083 223 130 284 9
144 1113 165 292 173 9
116 1101 186 129 237 9
24 983 73 125 101 9
28 1075 280 208 160 9
143 1135 160 272 211 9
249 1073 281 219 14 9
157 1130 173 19 125 9
211 978 193 280 87 9
182 894 127 122 146 9
35 1140 135 90 260 9
81 1083 226 250 50 9
69 1119 188 215 185 9
177 1105 283 145 100 9
210 1135 34 118 245 9
268 1016 214 216 266 9
91 1117 111 192 67 9
291 1110 177 62 274 9
265 1004 247 156 105 9
296 1153 277 37 69 9
240 1100 7 105 158 9
204 891 290 31 184 9
277 1112 2 137 18 9
133 1121 200 177 145 9
207 1146 5 108 271 9
27 974 57 297 127 9
5 926 181 22 246 9
216 882 60 68 262 9
247 905 32 96 77 9
95 1075 196 271 147 9
99 1145 71 270 126 9
9 1049 5 29 202 9
279 883 225 197 96 9
68 1164 249 285 168 9
205 966 238 41 27 9
118 978 76 228 62 9
293 1055 20 59 30 9
251 723 989 535 1067 14
121 825 1175 409 970 14
228 866 936 560 973 14
172 918 1167 340 1068 14
89 979 895 362 1085 14
216 736 1158 371 1118 14
265 985 1012 469 1065 14
83 846 945 577 1008 14
336 786 1026 591 1191 14
94 874 973 363 1224 14
131 750 1152 464 1034 14
81 888 1029 345 1116 14
190 809 1111 379 927 14
304 835 1012 318 1110 14
283 930 995 502 929 14
83 727 997 517 940 14
151 920 1092 459 1129 14
257 832 1086 427 950 14
202 864 981 601 976 14
252 789 1164 367 992 14
140 734 1161 434 1024 14
80 953 904 355 1123 14
97 848 1057 424 940 14
285 838 1073 380 972 14
108 958 922 329 929 14
101 748 988 518 1093 14
282 871 1152 340 1165 14
285 924 1166 509 1125 14
126 948 1157 568 1047 14
320 1007 1180 434 979 14
97 882 1010 555 1012 14
159 930 907 379 961 14
267 739 998 482 942 14
158 876 979 493 999 14
271 1003 1124 439 1137 14
84 817 1000 323 1083 14
82 803 999 588 1056 14
119 968 1118 558 943 14
219 735 903 407 997 14
240 835 1079 582 1139 14
325 921 1150 442 1025 14
311 800 980 614 1149 14
97 750 1053 607 984 14
271 839 1176 484 1001 14
340 806 1093 546 973 14
296 729 1068 615 1077 14
242 828 928 319 938 14
346 735 1027 337 1164 14
220 735 1063 412 936 14
326 765 938 416 957 14
274 945 976 596 999 14
90 780 1059 529 973 14
146 902 1031 459 987 14
256 97 707 301 850 6
81 164 736 476 879 6
311 226 677 371 821 6
338 281 663 391 896 6
258 204 829 222 956 6
79 286 667 249 1011 6
272 110 783 388 963 6
139 75 832 216 1045 6
68 111 877 457 1066 6
304 318 806 461 819 6
273 172 851 347 994 6
306 268 748 249 930 6
209 270 849 359 953 6
111 279 919 300 1005 6
355 216 760 300 780 6
120 265 802 440 815 6
111 289 693 304 789 6
158 343 746 428 890 6
339 143 654 456 812 6
268 299 740 371 790 6
162 295 856 252 1059 6
211 319 813 301 956 6
194 81 795 299 950 6
206 256 654 364 874 6
216 162 797 338 917 6
129 235 926 426 856 6
156 340 701 446 917 6
95 316 898 433 966 6
281 287 666 273 1045 6
225 332 829 438 829 6
154 337 740 306 926 6
338 108 817 276 1073 6
343 247 920 345 948 6
284 135 706 263 1022 6
281 206 679 323 818 6
174 302 919 383 978 6
159 192 740 315 1022 6
314 138 814 392 844 6
150 148 740 490 859 6
301 339 771 433 863 6
141 136 666 359 921 6
337 165 753 360 893 6
203 184 823 452 884 6
212 152 664 471 886 6
325 142 831 449 1010 6
207 191 919 359 794 6
69 234 756 393 1008 6
171 239 909 317 967 6
331 323 891 466 996 6
81 193 861 435 862 6
222 270 808 398 998 6
97 140 904 310 934 6
197 77 744 466 1017 6
1064 563 278 845 148 19
1135 512 231 792 295 19
1073 634 224 817 344 19
1157 392 286 803 74 19
989 452 328 754 75 19
969 424 388 983 295 19
948 534 297 925 348 19
1110 362 302 777 122 19
1185 589 366 908 257 19
1175 402 327 853 296 19
1231 584 301 781 340 19
995 585 306 896 86 19
1166 445 409 794 231 19
1176 515 400 752 176 19
1156 477 319 732 320 19
1138 632 258 979 297 19
962 352 416 967 192 19
1245 629 294 727 147 19
988 368 413 889 167 19
1221 475 348 898 126 19
1138 405 291 804 359 19
1153 551 376 799 229 19
1191 620 158 913 309 19
1118 475 277 743 187 19
956 518 174 955 138 19
984 478 442 845 171 19
1072 403 199 856 323 19
1217 366 187 1003 204 19
1079 442 445 911 267 19
1055 471 310 869 319 19
1029 428 221 762 141 19
1212 595 395 971 284 19
1232 479 305 857 177 19
1170 362 297 856 83 19
1113 393 405 994 304 19
1225 598 327 950 219 19
1149 482 438 968 356 19
1089 500 219 830 366 19
1158 410 365 762 231 19
991 408 372 830 264 19
1159 384 397 874 365 19
1045 398 237 883 238 19
1235 429 422 870 227 19
1003 614 358 734 326 19
1239 540 369 978 102 19
1139 438 430 859 264 19
1057 529 214 728 336 19
1100 627 207 829 106 19
1051 389 296 843 361 19
1233 536 407 814 221 19
1051 521 244 999 297 19
1062 411 441 944 269 19
970 345 291 927 356 19
47 250 761 1 17 5
125 71 809 274 142 5
166 41 867 166 159 5
229 219 694 122 70 5
25 159 769 143 111 5
107 101 621 48 269 5
42 284 714 297 9 5
61 68 734 269 259 5
104 67 754 259 200 5
178 117 893 72 176 5
165 278 693 118 17 5
240 75 872 137 240 5
153 175 650 238 27 5
154 8 727 167 299 5
144 117 804 281 193 5
183 176 633 205 297 5
256 5 616 203 127 5
132 231 736 24 213 5
207 13 851 24 9 5
116 36 816 186 19 5
100 138 693 204 89 5
250 237 700 183 17 5
262 281 727 131 125 5
10 160 788 168 124 5
27 100 680 76 20 5
298 288 638 167 113 5
182 136 682 83 260 5
213 107 691 115 81 5
43 140 815 228 124 5
182 208 884 84 261 5
20 79 757 231 83 5
30 205 617 72 164 5
53 260 679 208 88 5
166 242 755 256 3 5
161 167 610 28 119 5
200 180 693 192 105 5
15 106 647 144 131 5
157 290 651 110 217 5
236 165 883 185 261 5
255 137 605 2 152 5
208 157 653 40 277 5
140 300 840 269 123 5
105 263 612 19 277 5
23 152 875 90 228 5
250 84 859 242 103 5
25 161 600 282 238 5
6 299 604 240 139 5
260 141 599 215 20 5
152 135 862 153 122 5
53 252 632 176 24 5
252 31 630 173 299 5
237 95 830 209 267 5
134 43 640 268 56 5
1053 572 759 1070 932 24
996 330 920 997 943 24
854 557 806 1045 930 24
1022 563 810 1093 1098 24
946 375 926 1030 907 24
808 505 801 1093 892 24
1048 509 807 1095 946 24
815 409 794 1054 944 24
1051 507 651 976 871 24
918 284 923 996 893 24
1079 368 846 1070 1067 24
1059 502 800 926 1118 24
917 397 939 1099 984 24
1072 438 724 809 1121 24
971 533 681 837 1078 24
889 477 782 858 970 24
923 344 871 936 1009 24
889 552 727 997 898 24
1032 356 767 922 839 24
985 553 835 905 843 24
1058 428 824 1057 866 24
943 359 730 865 1040 24
837 514 698 885 945 24
981 431 856 1056 883 24
899 457 669 1086 978 24
980 573 677 1086 908 24
862 543 774 985 1119 24
853 412 813 892 1081 24
952 301 648 870 1018 24
906 469 833 1046 870 24
809 311 772 872 942 24
879 329 852 1068 1027 24
917 413 817 1024 1039 24
899 452 645 910 950 24
862 413 739 1053 1077 24
1001 391 751 817 908 24
1090 523 825 1022 955 24
1004 374 768 843 966 24
962 532 739 887 1082 24
1060 534 745 826 985 24
961 575 768 970 1075 24
953 393 741 1088 940 24
966 565 681 854 898 24
845 469 878 1029 1015 24
1033 542 829 819 1082 24
851 549 889 910 939 24
935 485 682 1051 999 24
1041 287 790 895 1020 24
897 286 885 952 1068 24
1023 479 915 922 848 24
869 491 708 883 1008 24
817 454 895 941 1076 24
1045 360 864 1090 939 24
999 516 446 309 941 18
1232 490 271 91 938 18
1235 560 426 184 965 18
1030 442 298 248 1166 18
994 400 232 317 1113 18
1234 358 176 322 966 18
1256 421 420 157 1209 18
1258 412 444 160 1207 18
1255 495 417 246 1039 18
976 635 282 232 1115 18
1185 481 244 176 1132 18
1240 600 223 95 1082 18
1132 588 292 248 1127 18
978 420 321 102 1036 18
969 526 411 351 1033 18
1144 517 331 186 1163 18
1221 400 336 337 1213 18
1229 400 223 342 1216 18
1203 513 314 358 1236 18
1261 578 311 308 1025 18
1012 455 228 146 1083 18
1078 477 410 228 956 18
1212 598 359 190 1012 18
1248 572 441 104 1229 18
1112 532 261 297 967 18
1065 479 322 364 1054 18
989 466 357 320 1034 18
1140 460 454 267 944 18
1240 456 198 255 1080 18
1203 495 370 199 1024 18
1205 615 207 200 998 18
1172 475 274 267 1042 18
1190 353 258 97 1184 18
1095 501 325 241 1219 18
1124 615 451 330 978 18
1028 594 347 301 1171 18
976 608 365 259 1114 18
992 465 370 334 1224 18
1050 383 445 171 945 18
1158 490 374 387 1158 18
1056 489 382 132 1094 18
1159 598 309 262 1007 18
1035 472 407 93 1014 18
1240 435 184 330 960 18
1210 387 214 93 1012 18
1012 432 336 364 1055 18
970 597 372 352 1116 18
1254 582 266 163 1219 18
1208 536 318 131 1166 18
1137 558 330 165 1178 18
1192 520 385 362 1065 18
1114 476 306 180 1176 18
1140 548 199 386 1167 18
333 923 412 788 1079 12
84 1059 443 673 990 12
164 1209 599 748 916 12
117 1028 384 753 1068 12
198 1203 626 732 1150 12
202 948 536 660 1130 12
227 1127 570 749 965 12
300 990 488 807 1114 12
233 1113 435 813 996 12
224 1140 515 847 1009 12
133 1031 567 676 1028 12
350 1026 561 745 1084 12
321 935 641 665 1138 12
120 1137 643 714 1005 12
316 1130 510 947 1004 12
165 1061 652 867 1152 12
300 1016 368 697 1008 12
300 923 551 877 1117 12
347 968 482 778 1150 12
192 977 450 864 930 12
216 1020 505 816 1183 12
177 1114 397 889 1037 12
180 949 609 796 987 12
261 1081 487 950 984 12
104 1186 409 710 1168 12
277 1060 431 875 1157 12
250 1176 639 778 1039 12
172 964 511 939 1160 12
95 1076 503 774 953 12
246 1177 588 825 1021 12
150 956 445 873 1079 12
159 1208 588 659 1137 12
183 1182 372 752 1122 12
120 1222 469 659 1031 12
245 938 372 875 1031 12
189 1042 582 859 925 12
216 1068 425 752 1088 12
319 1001 526 788 1020 12
79 1221 484 745 994 12
346 1066 452 730 1005 12
73 1040 587 810 1190 12
140 1075 414 721 1013 12
146 1212 580 707 991 12
199 1044 596 736 1114 12
343 1145 536 939 1163 12
287 1119 471 913 1170 12
287 1179 663 778 970 12
244 956 566 697 901 12
122 1000 511 889 989 12
82 1134 382 844 925 12
105 1189 604 926 1128 12
99 1223 629 951 1066 12
299 1198 592 797 1016 12
1098 510 963 486 249 21
1132 579 846 450 103 21
1007 605 842 514 128 21
1167 604 825 343 295 21
1245 497 791 514 162 21
1102 365 923 342 178 21
1204 605 918 395 79 21
1060 511 738 323 99 21
1261 502 760 287 293 21
1044 410 933 439 142 21
1165 380 854 321 219 21
1113 345 1010 316 168 21
1239 522 922 394 141 21
1052 348 829 400 246 21
1140 477 736 297 167 21
980 558 727 478 313 21
1208 399 827 399 94 21
1238 432 951 425 311 21
1175 441 1016 347 228 21
977 583 824 444 315 21
1196 462 988 262 146 21
1073 593 998 481 239 21
1062 604 1009 454 129 21
1226 361 785 520 295 21
1025 417 942 278 110 21
1072 617 793 264 351 21
1230 361 957 501 239 21
1088 486 958 409 168 21
1127 420 830 368 133 21
1034 470 734 521 138 21
1212 432 799 400 154 21
1000 553 969 507 343 21
1226 609 844 387 311 21
1096 372 951 313 215 21
978 401 963 251 76 21
1124 583 876 348 334 21
1126 588 884 452 117 21
1124 620 936 418 310 21
1168 461 732 388 105 21
1125 392 938 459 305 21
1229 477 837 458 115 21
1173 348 931 539 181 21
1169 519 830 390 269 21
1267 530 967 496 297 21
1206 360 926 303 128 21
1172 389 783 277 318 21
1140 472 723 346 146 21
1168 594 961 474 143 21
988 534 780 427 243 21
989 481 810 270 351 21
1176 432 972 420 162 21
1032 389 952 496 174 21
1200 487 793 434 65 21
86 98 228 75 1096 2
261 53 230 296 1138 2
187 65 208 217 1167 2
111 230 183 91 1104 2
242 160 61 12 1075 2
217 283 289 135 1188 2
5 201 178 153 1064 2
92 67 139 270 1022 2
250 144 136 278 968 2
221 265 287 217 1069 2
122 231 123 17 930 2
256 40 33 143 1007 2
88 81 209 105 1110 2
207 261 285 25 1088 2
61 270 44 257 1193 2
74 226 205 191 1059 2
38 179 25 139 1045 2
255 134 7 299 962 2
293 100 177 137 913 2
37 219 262 298 941 2
206 108 283 112 941 2
181 139 105 215 1095 2
38 216 118 37 1044 2
121 224 190 229 941 2
267 166 123 142 1017 2
123 116 214 64 936 2
69 284 95 1 977 2
195 268 170 272 1130 2
237 142 129 91 1014 2
138 225 31 245 1188 2
103 247 218 221 928 2
132 176 5 279 1009 2
261 118 78 260 996 2
8 288 210 223 1024 2
65 88 238 183 1042 2
106 121 53 236 1073 2
145 293 20 245 1017 2
113 246 105 179 1183 2
214 17 46 120 942 2
97 130 141 50 1022 2
9 286 260 208 1009 2
218 17 132 271 998 2
249 154 203 31 1026 2
160 208 237 295 1076 2
184 277 118 198 1170 2
163 153 23 18 1016 2
286 45 302 13 1072 2
226 57 27 235 902 2
279 265 30 265 945 2
172 167 87 133 1043 2
30 36 101 97 1135 2
174 280 160 118 904 2
16 63 266 169 1059 2
754 973 868 384 164 29
959 1020 997 398 172 29
825 939 841 549 229 29
738 1047 938 317 240 29
944 785 1097 471 191 29
761 790 1093 334 170 29
810 871 924 505 267 29
732 943 986 364 69 29
879 927 864 349 257 29
886 841 888 294 270 29
964 785 889 552 142 29
753 847 848 485 40 29
835 913 945 431 142 29
966 781 869 469 265 29
771 930 1050 371 236 29
692 804 1094 286 256 29
832 919 825 488 19 29
812 867 875 500 285 29
672 986 941 532 261 29
798 1048 1092 393 132 29
845 1048 988 403 140 29
771 972 1072 374 261 29
821 996 1001 456 122 29
741 976 943 263 251 29
769 945 1056 308 6 29
718 894 1051 525 291 29
762 794 871 280 142 29
832 937 843 379 39 29
956 1025 1006 348 139 29
709 825 998 473 14 29
765 1000 970 516 284 29
832 784 1029 471 136 29
739 794 1101 416 65 29
935 947 890 503 25 29
906 954 1010 451 237 29
697 913 970 435 186 29
678 932 1020 503 297 29
735 864 970 293 288 29
758 1032 947 461 197 29
917 757 1003 536 282 29
712 801 1008 437 155 29
933 1041 945 458 146 29
844 996 895 546 102 29
921 828 1003 541 42 29
694 770 1087 433 210 29
880 929 992 429 222 29
870 1049 1109 492 82 29
950 771 1094 292 191 29
797 793 1048 511 224 29
892 883 907 284 243 29
741 869 830 293 139 29
871 938 1033 332 139 29
878 831 987 524 224 29
286 434 843 844 74 15
147 649 793 926 74 15
330 442 781 983 355 15
63 666 974 949 167 15
86 492 935 912 354 15
192 651 834 990 320 15
300 459 814 1029 129 15
240 509 820 1090 303 15
289 533 862 845 74 15
64 440 802 1075 298 15
85 433 988 971 322 15
67 419 896 1087 261 15
336 712 973 988 263 15
284 673 983 952 96 15
167 422 840 921 123 15
128 671 870 911 216 15
89 581 904 916 140 15
308 501 820 968 211 15
110 418 1034 836 235 15
59 648 824 912 258 15
152 427 988 1062 348 15
159 607 929 980 347 15
326 676 835 1054 129 15
289 413 867 864 188 15
82 436 862 816 335 15
255 698 765 852 268 15
301 563 891 856 150 15
339 624 833 915 199 15
217 641 810 856 135 15
204 522 1035 820 171 15
349 548 822 1035 104 15
262 480 896 1020 136 15
298 571 759 1097 319 15
272 584 973 1057 80 15
183 669 969 1061 294 15
205 576 1047 850 114 15
320 535 774 1058 315 15
159 648 752 1048 100 15
214 630 887 899 333 15
286 617 935 957 112 15
346 633 920 877 71 15
84 604 815 1082 354 15
194 581 908 1011 341 15
83 541 811 825 70 15
225 513 917 1076 239 15
114 634 795 827 310 15
202 493 839 938 293 15
222 691 1004 976 310 15
344 520 904 989 154 15
211 663 876 944 267 15
265 460 947 1101 176 15
109 434 845 859 352 15
117 489 846 839 164 15
278 77 693 1082 96 8
200 101 693 1056 68 8
297 104 742 875 203 8
111 240 759 820 131 8
106 333 647 825 151 8
300 198 872 967 277 8
164 123 737 842 166 8
70 101 765 1029 157 8
162 168 907 882 71 8
133 106 660 982 320 8
90 263 688 1056 227 8
247 193 921 964 316 8
247 271 660 998 130 8
220 209 778 834 209 8
187 220 811 1091 117 8
98 188 808 909 180 8
172 307 765 997 239 8
114 133 685 1020 280 8
91 293 763 968 299 8
361 311 884 915 158 8
195 355 867 1016 112 8
76 336 647 853 131 8
207 287 695 1001 164 8
271 284 889 842 326 8
140 267 806 991 183 8
164 208 694 1073 277 8
327 128 795 941 109 8
209 280 783 1095 319 8
199 217 913 853 240 8
298 140 769 1065 69 8
235 131 822 1051 205 8
156 350 759 1044 337 8
303 315 788 920 235 8
223 182 690 931 92 8
111 283 916 831 92 8
238 183 756 1016 262 8
357 102 781 964 310 8
354 121 787 831 271 8
295 147 657 812 236 8
190 310 775 1073 276 8
329 98 667 1107 202 8
313 215 834 1092 138 8
346 317 906 870 132 8
164 68 642 1060 89 8
344 143 676 813 258 8
134 256 655 953 207 8
120 139 705 813 89 8
104 292 739 947 298 8
306 297 746 844 82 8
142 336 781 1059 133 8
322 347 653 1029 127 8
216 256 924 1097 212 8
222 170 863 892 97 8
898 1014 377 327 815 26
924 837 535 397 828 26
685 1048 271 325 894 26
877 861 268 182 998 26
766 836 525 356 1052 26
807 883 351 167 1025 26
906 979 447 339 917 26
759 786 537 180 975 26
931 880 362 257 1090 26
678 774 420 155 940 26
789 778 348 162 1048 26
756 790 554 178 1002 26
790 828 382 392 1055 26
707 870 294 186 904 26
766 930 293 264 1007 26
647 926 353 206 809 26
754 771 482 146 833 26
737 1047 554 350 1094 26
882 959 498 182 934 26
644 1029 365 297 938 26
640 986 479 157 1060 26
800 893 286 174 996 26
786 945 350 352 931 26
762 1034 360 301 819 26
796 770 440 316 1013 26
878 925 529 374 911 26
840 933 559 215 886 26
640 1017 511 260 1037 26
813 1061 360 417 937 26
810 772 554 198 853 26
773 885 397 339 852 26
703 941 512 394 1077 26
938 960 404 343 969 26
801 859 349 324 1072 26
879 1058 360 133 928 26
709 825 551 373 1051 26
783 806 545 236 821 26
778 842 259 292 830 26
683 943 412 395 888 26
938 981 412 146 920 26
680 800 325 291 839 26
781 846 266 200 988 26
881 784 410 343 1061 26
860 926 540 345 860 26
843 984 502 171 829 26
649 1018 475 213 1009 26
922 980 343 251 1005 26
803 1003 510 149 1022 26
753 937 405 161 987 26
805 1066 448 347 883 26
809 972 424 356 1029 26
837 990 331 395 1002 26
743 809 552 249 962 26
289 278 902 957 127 7
209 271 710 943 163 7
246 346 805 930 342 7
126 190 712 925 206 7
117 314 828 899 181 7
317 84 888 814 328 7
99 309 870 1097 159 7
287 268 845 996 151 7
218 155 750 1068 175 7
350 165 671 947 82 7
252 203 748 1055 119 7
75 362 869 875 145 7
120 284 922 1027 187 7
305 88 764 836 320 7
190 121 823 1031 221 7
142 306 771 910 179 7
143 197 790 978 132 7
101 233 858 979 71 7
161 79 782 850 314 7
160 103 806 965 128 7
130 182 658 917 126 7
347 302 820 856 250 7
206 266 772 1081 298 7
108 260 628 996 193 7
199 320 903 1082 95 7
92 192 916 1066 224 7
247 321 870 991 162 7
274 166 752 1107 221 7
174 116 902 910 259 7
222 289 876 933 321 7
272 298 752 1013 330 7
161 284 664 974 278 7
298 266 770 931 158 7
213 362 865 1004 65 7
106 356 736 832 204 7
205 228 826 1030 364 7
86 186 676 928 165 7
206 159 826 1061 221 7
275 290 862 896 294 7
221 244 883 959 353 7
263 181 896 1086 110 7
265 350 867 873 164 7
357 363 918 1111 254 7
240 96 702 942 356 7
198 87 832 966 345 7
343 237 795 837 260 7
305 350 910 839 331 7
172 175 852 952 250 7
333 249 884 1038 244 7
174 106 783 1092 169 7
205 356 872 894 74 7
237 306 689 926 145 7
325 210 763 907 131 7
