15:38:21.108 -> 0	0	1	0	0	 
15:38:21.208 -> 0	0	1	0	0	 
15:38:21.307 -> 0	0	1	0	0	 
15:38:21.407 -> 0	0	1	0	0	 
15:38:21.506 -> 0	0	1	0	0	 
15:38:21.606 -> 0	0	1	0	0	 
15:38:21.705 -> 0	0	1	0	0	 
15:38:21.805 -> 0	0	1	0	0	 
15:38:21.904 -> 0	0	1	0	0	 
15:38:22.003 -> 0	0	1	0	0	 
15:38:22.103 -> 0	0	1	0	0	 
15:38:22.202 -> 0	0	1	0	0	 
15:38:22.302 -> 0	0	1	0	0	 
15:38:22.401 -> 0	0	1	0	0	 
15:38:22.500 -> 0	0	1	0	0	 
15:38:22.589 -> 0	0	1	0	0	 
15:38:22.699 -> 0	0	1	0	0	 
15:38:22.799 -> 0	0	1	0	0	 
15:38:22.898 -> 0	0	1	0	0	 
15:38:22.997 -> 0	0	1	0	0	 
15:38:23.097 -> 0	0	1	0	0	 
15:38:23.232 -> 0	0	1	0	0	 
15:38:23.301 -> 0	0	1	0	0	 
15:38:23.395 -> 0	0	1	0	0	 
15:38:23.494 -> 0	0	1	0	0	 
15:38:23.594 -> 0	0	1	0	0	 
15:38:23.693 -> 0	0	1	0	0	 
15:38:23.792 -> 0	0	1	0	0	 
15:38:23.892 -> 0	0	1	0	0	 
15:38:23.991 -> 0	0	1	0	0	 
15:38:24.091 -> 0	0	1	0	0	 
15:38:24.190 -> 0	0	1	0	0	 
15:38:24.290 -> 0	0	1	0	0	 
15:38:24.389 -> 0	0	1	0	0	 
15:38:24.521 -> 0	0	1	0	0	 
15:38:24.592 -> 0	0	1	0	0	 
15:38:24.720 -> 0	0	1	0	0	 
15:38:24.790 -> 0	0	1	0	0	 
15:38:24.919 -> 0	0	1	0	0	 
15:38:25.004 -> 0	0	1	0	0	 
15:38:25.118 -> 0	0	1	0	0	 
15:38:25.217 -> 0	0	1	0	0	 
15:38:25.316 -> 0	0	1	0	0	 
15:38:25.416 -> 0	0	1	0	0	 
