55	657	273	154	944	 
55	657	273	154	944	 
55	657	273	154	944	 
55	657	273	154	944	 
55	657	273	154	944	 
55	657	273	154	944	 
55	657	273	154	944	 
55	657	273	154	944	 
55	657	273	154	944	 
55	657	273	154	944	 
55	657	273	154	944	 
55	657	273	154	944	 
55	657	273	154	944	 
55	657	273	154	944	 
55	657	273	154	944	 
55	657	273	154	944	 
55	657	273	154	944	 
55	657	273	154	944	 
55	657	273	154	944	 
55	657	273	154	944	 
55	657	273	154	944	 
55	657	273	154	944	 
55	657	273	154	944	 
55	657	273	154	944	 
55	657	273	154	944	 
55	657	273	154	944	 
55	657	273	154	944	 
55	657	273	154	944	 
55	657	273	154	944	 
55	657	273	154	944	 
55	657	273	154	944	 
55	657	273	154	944	 
55	657	273	154	944	 
55	657	273	154	944	 
55	657	273	154	944	 
55	657	273	154	944	 
55	657	273	154	944	 
55	657	273	154	944	 
55	657	273	154	944	 
55	657	273	154	944	 
55	657	273	154	944	 
55	657	273	154	944	 
55	657	273	154	944	 
55	657	273	154	944	 
55	657	273	154	944	 
55	657	273	154	944	 
55	657	273	154	944	 
55	657	273	154	944	 
55	657	273	154	944	 
55	657	273	154	944	 
55	657	273	154	944	 
