66	923	366	651	891	 
66	923	366	651	891	 
66	923	366	651	891	 
66	923	366	651	891	 
66	923	366	651	891	 
66	923	366	651	891	 
66	923	366	651	891	 
66	923	366	651	891	 
66	923	366	651	891	 
66	923	366	651	891	 
66	923	366	651	891	 
66	923	366	651	891	 
66	923	366	651	891	 
66	923	366	651	891	 
66	923	366	651	891	 
66	923	366	651	891	 
66	923	366	651	891	 
66	923	366	651	891	 
66	923	366	651	891	 
66	923	366	651	891	 
66	923	366	651	891	 
66	923	366	651	891	 
66	923	366	651	891	 
66	923	366	651	891	 
66	923	366	651	891	 
66	923	366	651	891	 
66	923	366	651	891	 
66	923	366	651	891	 
66	923	366	651	891	 
66	923	366	651	891	 
66	923	366	651	891	 
66	923	366	651	891	 
66	923	366	651	891	 
66	923	366	651	891	 
66	923	366	651	891	 
66	923	366	651	891	 
66	923	366	651	891	 
66	923	366	651	891	 
66	923	366	651	891	 
66	923	366	651	891	 
66	923	366	651	891	 
66	923	366	651	891	 
66	923	366	651	891	 
66	923	366	651	891	 
66	923	366	651	891	 
66	923	366	651	891	 
66	923	366	651	891	 
66	923	366	651	891	 
66	923	366	651	891	 
66	923	366	651	891	 
66	923	366	651	891	 
