69	719	884	318	925	 
69	719	884	318	925	 
69	719	884	318	925	 
69	719	884	318	925	 
69	719	884	318	925	 
69	719	884	318	925	 
69	719	884	318	925	 
69	719	884	318	925	 
69	719	884	318	925	 
69	719	884	318	925	 
69	719	884	318	925	 
69	719	884	318	925	 
69	719	884	318	925	 
69	719	884	318	925	 
69	719	884	318	925	 
69	719	884	318	925	 
69	719	884	318	925	 
69	719	884	318	925	 
69	719	884	318	925	 
69	719	884	318	925	 
69	719	884	318	925	 
69	719	884	318	925	 
69	719	884	318	925	 
69	719	884	318	925	 
69	719	884	318	925	 
69	719	884	318	925	 
69	719	884	318	925	 
69	719	884	318	925	 
69	719	884	318	925	 
69	719	884	318	925	 
69	719	884	318	925	 
69	719	884	318	925	 
69	719	884	318	925	 
69	719	884	318	925	 
69	719	884	318	925	 
69	719	884	318	925	 
69	719	884	318	925	 
69	719	884	318	925	 
69	719	884	318	925	 
69	719	884	318	925	 
69	719	884	318	925	 
69	719	884	318	925	 
69	719	884	318	925	 
69	719	884	318	925	 
69	719	884	318	925	 
69	719	884	318	925	 
69	719	884	318	925	 
69	719	884	318	925	 
69	719	884	318	925	 
69	719	884	318	925	 
69	719	884	318	925	 
