58	412	751	813	58	 
58	412	751	813	58	 
58	412	751	813	58	 
58	412	751	813	58	 
58	412	751	813	58	 
58	412	751	813	58	 
58	412	751	813	58	 
58	412	751	813	58	 
58	412	751	813	58	 
58	412	751	813	58	 
58	412	751	813	58	 
58	412	751	813	58	 
58	412	751	813	58	 
58	412	751	813	58	 
58	412	751	813	58	 
58	412	751	813	58	 
58	412	751	813	58	 
58	412	751	813	58	 
58	412	751	813	58	 
58	412	751	813	58	 
58	412	751	813	58	 
58	412	751	813	58	 
58	412	751	813	58	 
58	412	751	813	58	 
58	412	751	813	58	 
58	412	751	813	58	 
58	412	751	813	58	 
58	412	751	813	58	 
58	412	751	813	58	 
58	412	751	813	58	 
58	412	751	813	58	 
58	412	751	813	58	 
58	412	751	813	58	 
58	412	751	813	58	 
58	412	751	813	58	 
58	412	751	813	58	 
58	412	751	813	58	 
58	412	751	813	58	 
58	412	751	813	58	 
58	412	751	813	58	 
58	412	751	813	58	 
58	412	751	813	58	 
58	412	751	813	58	 
58	412	751	813	58	 
58	412	751	813	58	 
58	412	751	813	58	 
58	412	751	813	58	 
58	412	751	813	58	 
58	412	751	813	58	 
58	412	751	813	58	 
58	412	751	813	58	 
