65	553	733	822	623	 
65	553	733	822	623	 
65	553	733	822	623	 
65	553	733	822	623	 
65	553	733	822	623	 
65	553	733	822	623	 
65	553	733	822	623	 
65	553	733	822	623	 
65	553	733	822	623	 
65	553	733	822	623	 
65	553	733	822	623	 
65	553	733	822	623	 
65	553	733	822	623	 
65	553	733	822	623	 
65	553	733	822	623	 
65	553	733	822	623	 
65	553	733	822	623	 
65	553	733	822	623	 
65	553	733	822	623	 
65	553	733	822	623	 
65	553	733	822	623	 
65	553	733	822	623	 
65	553	733	822	623	 
65	553	733	822	623	 
65	553	733	822	623	 
65	553	733	822	623	 
65	553	733	822	623	 
65	553	733	822	623	 
65	553	733	822	623	 
65	553	733	822	623	 
65	553	733	822	623	 
65	553	733	822	623	 
65	553	733	822	623	 
65	553	733	822	623	 
65	553	733	822	623	 
65	553	733	822	623	 
65	553	733	822	623	 
65	553	733	822	623	 
65	553	733	822	623	 
65	553	733	822	623	 
65	553	733	822	623	 
65	553	733	822	623	 
65	553	733	822	623	 
65	553	733	822	623	 
65	553	733	822	623	 
65	553	733	822	623	 
65	553	733	822	623	 
65	553	733	822	623	 
65	553	733	822	623	 
65	553	733	822	623	 
65	553	733	822	623	 
