15:49:52.142 -> 893	119	0	0	0	 
15:49:52.142 -> 893	119	0	0	0	 
15:49:53.726 -> 900	111	0	1	0	 
15:49:53.826 -> 900	111	0	1	0	 
15:49:53.925 -> 900	111	0	1	0	 
15:49:54.026 -> 900	111	0	1	0	 
15:49:54.125 -> 900	111	0	1	0	 
15:49:54.225 -> 900	111	0	1	0	 
15:49:54.325 -> 900	111	0	1	0	 
15:49:54.424 -> 900	111	0	1	0	 
15:49:54.524 -> 900	111	0	1	0	 
15:49:54.624 -> 900	111	0	1	0	 
15:49:54.724 -> 900	111	0	1	0	 
15:49:54.823 -> 900	111	0	1	0	 
15:49:54.923 -> 900	111	0	1	0	 
15:49:55.022 -> 900	111	0	1	0	 
15:49:55.122 -> 900	111	0	1	0	 
15:49:55.221 -> 900	111	0	1	0	 
15:49:55.321 -> 900	111	0	1	0	 
15:49:55.420 -> 900	111	0	1	0	 
15:49:55.524 -> 900	111	0	1	0	 
15:49:55.629 -> 900	111	0	1	0	 
15:49:55.744 -> 900	111	0	1	0	 
15:49:55.843 -> 900	111	0	1	0	 
15:49:55.918 -> 900	111	0	1	0	 
15:49:56.017 -> 900	111	0	1	0	 
15:49:56.117 -> 900	111	0	1	0	 
15:49:56.249 -> 900	111	0	1	0	 
15:49:56.316 -> 900	111	0	1	0	 
15:49:56.416 -> 900	111	0	1	0	 
15:49:56.515 -> 900	111	0	1	0	 
15:49:56.615 -> 900	111	0	1	0	 
15:49:56.748 -> 900	111	0	1	0	 
15:49:56.848 -> 900	111	0	1	0	 
15:49:56.948 -> 900	111	0	1	0	 
15:49:57.090 -> 900	111	0	1	0	 
15:49:57.129 -> 900	111	0	1	0	 
15:49:57.246 -> 900	111	0	1	0	 
15:49:57.346 -> 900	111	0	1	0	 
15:49:57.445 -> 900	111	0	1	0	 
15:49:57.545 -> 900	111	0	1	0	 
15:49:57.644 -> 900	111	0	1	0	 
15:49:57.744 -> 900	111	0	1	0	 
15:49:57.844 -> 900	111	0	1	0	 
15:49:57.943 -> 900	111	0	1	0	 
15:49:58.043 -> 900	111	0	1	0	 
15:49:58.143 -> 900	111	0	1	0	 
15:49:58.242 -> 900	111	0	1	0	 
15:49:58.342 -> 900	111	0	1	0	 
15:49:58.442 -> 900	111	0	1	0	 
15:49:58.541 -> 900	111	0	1	0	 
15:49:58.703 -> 900	111	0	1	0	 
15:49:58.739 -> 900	111	0	1	0	 
