948	344	155	719	74	 
948	344	155	719	74	 
948	344	155	719	74	 
948	344	155	719	74	 
948	344	155	719	74	 
948	344	155	719	74	 
948	344	155	719	74	 
948	344	155	719	74	 
948	344	155	719	74	 
948	344	155	719	74	 
948	344	155	719	74	 
948	344	155	719	74	 
948	344	155	719	74	 
948	344	155	719	74	 
948	344	155	719	74	 
948	344	155	719	74	 
948	344	155	719	74	 
948	344	155	719	74	 
948	344	155	719	74	 
948	344	155	719	74	 
948	344	155	719	74	 
948	344	155	719	74	 
948	344	155	719	74	 
948	344	155	719	74	 
948	344	155	719	74	 
948	344	155	719	74	 
948	344	155	719	74	 
948	344	155	719	74	 
948	344	155	719	74	 
948	344	155	719	74	 
948	344	155	719	74	 
948	344	155	719	74	 
948	344	155	719	74	 
948	344	155	719	74	 
948	344	155	719	74	 
948	344	155	719	74	 
948	344	155	719	74	 
948	344	155	719	74	 
948	344	155	719	74	 
948	344	155	719	74	 
948	344	155	719	74	 
948	344	155	719	74	 
948	344	155	719	74	 
948	344	155	719	74	 
948	344	155	719	74	 
948	344	155	719	74	 
948	344	155	719	74	 
948	344	155	719	74	 
948	344	155	719	74	 
948	344	155	719	74	 
948	344	155	719	74	 
