15:44:01.629 -> 1	0	4	1	895	 
15:44:01.629 -> 1	0	4	1	895	 
15:44:03.165 -> 2	1	5	0	886	 
15:44:03.265 -> 2	1	5	0	886	 
15:44:03.365 -> 2	1	5	0	886	 
15:44:03.465 -> 2	1	5	0	886	 
15:44:03.598 -> 2	1	5	0	886	 
15:44:03.697 -> 2	1	5	0	886	 
15:44:03.797 -> 2	1	5	0	886	 
15:44:03.897 -> 2	1	5	0	886	 
15:44:03.997 -> 2	1	5	0	886	 
15:44:04.096 -> 2	1	5	0	886	 
15:44:04.173 -> 2	1	5	0	886	 
15:44:04.295 -> 2	1	5	0	886	 
15:44:04.395 -> 2	1	5	0	886	 
15:44:04.495 -> 2	1	5	0	886	 
15:44:04.572 -> 2	1	5	0	886	 
15:44:04.694 -> 2	1	5	0	886	 
15:44:04.779 -> 2	1	5	0	886	 
15:44:04.893 -> 2	1	5	0	886	 
15:44:05.010 -> 2	1	5	0	886	 
15:44:05.138 -> 2	1	5	0	886	 
15:44:05.250 -> 2	1	5	0	886	 
15:44:05.416 -> 2	1	5	0	886	 
15:44:05.416 -> 2	1	5	0	886	 
15:44:05.491 -> 2	1	5	0	886	 
15:44:05.590 -> 2	1	5	0	886	 
15:44:05.690 -> 2	1	5	0	886	 
15:44:05.790 -> 2	1	5	0	886	 
15:44:05.890 -> 2	1	5	0	886	 
15:44:05.989 -> 2	1	5	0	886	 
15:44:06.089 -> 2	1	5	0	886	 
15:44:06.189 -> 2	1	5	0	886	 
15:44:06.289 -> 2	1	5	0	886	 
15:44:06.388 -> 2	1	5	0	886	 
15:44:06.488 -> 2	1	5	0	886	 
15:44:06.588 -> 2	1	5	0	886	 
15:44:06.688 -> 2	1	5	0	886	 
15:44:06.787 -> 2	1	5	0	886	 
15:44:06.887 -> 2	1	5	0	886	 
15:44:06.987 -> 2	1	5	0	886	 
15:44:07.087 -> 2	1	5	0	886	 
15:44:07.187 -> 2	1	5	0	886	 
15:44:07.287 -> 2	1	5	0	886	 
15:44:07.387 -> 2	1	5	0	886	 
15:44:07.487 -> 2	1	5	0	886	 
15:44:07.586 -> 2	1	5	0	886	 
15:44:07.686 -> 2	1	5	0	886	 
15:44:07.786 -> 2	1	5	0	886	 
15:44:07.886 -> 2	1	5	0	886	 
15:44:07.986 -> 2	1	5	0	886	 
15:44:08.086 -> 2	1	5	0	886	 
15:44:08.186 -> 2	1	5	0	886	