923	350	169	673	881	 
923	350	169	673	881	 
923	350	169	673	881	 
923	350	169	673	881	 
923	350	169	673	881	 
923	350	169	673	881	 
923	350	169	673	881	 
923	350	169	673	881	 
923	350	169	673	881	 
923	350	169	673	881	 
923	350	169	673	881	 
923	350	169	673	881	 
923	350	169	673	881	 
923	350	169	673	881	 
923	350	169	673	881	 
923	350	169	673	881	 
923	350	169	673	881	 
923	350	169	673	881	 
923	350	169	673	881	 
923	350	169	673	881	 
923	350	169	673	881	 
923	350	169	673	881	 
923	350	169	673	881	 
923	350	169	673	881	 
923	350	169	673	881	 
923	350	169	673	881	 
923	350	169	673	881	 
923	350	169	673	881	 
923	350	169	673	881	 
923	350	169	673	881	 
923	350	169	673	881	 
923	350	169	673	881	 
923	350	169	673	881	 
923	350	169	673	881	 
923	350	169	673	881	 
923	350	169	673	881	 
923	350	169	673	881	 
923	350	169	673	881	 
923	350	169	673	881	 
923	350	169	673	881	 
923	350	169	673	881	 
923	350	169	673	881	 
923	350	169	673	881	 
923	350	169	673	881	 
923	350	169	673	881	 
923	350	169	673	881	 
923	350	169	673	881	 
923	350	169	673	881	 
923	350	169	673	881	 
923	350	169	673	881	 
923	350	169	673	881	 
