867	259	714	248	873	 
867	259	714	248	873	 
867	259	714	248	873	 
867	259	714	248	873	 
867	259	714	248	873	 
867	259	714	248	873	 
867	259	714	248	873	 
867	259	714	248	873	 
867	259	714	248	873	 
867	259	714	248	873	 
867	259	714	248	873	 
867	259	714	248	873	 
867	259	714	248	873	 
867	259	714	248	873	 
867	259	714	248	873	 
867	259	714	248	873	 
867	259	714	248	873	 
867	259	714	248	873	 
867	259	714	248	873	 
867	259	714	248	873	 
867	259	714	248	873	 
867	259	714	248	873	 
867	259	714	248	873	 
867	259	714	248	873	 
867	259	714	248	873	 
867	259	714	248	873	 
867	259	714	248	873	 
867	259	714	248	873	 
867	259	714	248	873	 
867	259	714	248	873	 
867	259	714	248	873	 
867	259	714	248	873	 
867	259	714	248	873	 
867	259	714	248	873	 
867	259	714	248	873	 
867	259	714	248	873	 
867	259	714	248	873	 
867	259	714	248	873	 
867	259	714	248	873	 
867	259	714	248	873	 
867	259	714	248	873	 
867	259	714	248	873	 
867	259	714	248	873	 
867	259	714	248	873	 
867	259	714	248	873	 
867	259	714	248	873	 
867	259	714	248	873	 
867	259	714	248	873	 
867	259	714	248	873	 
867	259	714	248	873	 
867	259	714	248	873	 
