912	273	658	725	145	 
912	273	658	725	145	 
912	273	658	725	145	 
912	273	658	725	145	 
912	273	658	725	145	 
912	273	658	725	145	 
912	273	658	725	145	 
912	273	658	725	145	 
912	273	658	725	145	 
912	273	658	725	145	 
912	273	658	725	145	 
912	273	658	725	145	 
912	273	658	725	145	 
912	273	658	725	145	 
912	273	658	725	145	 
912	273	658	725	145	 
912	273	658	725	145	 
912	273	658	725	145	 
912	273	658	725	145	 
912	273	658	725	145	 
912	273	658	725	145	 
912	273	658	725	145	 
912	273	658	725	145	 
912	273	658	725	145	 
912	273	658	725	145	 
912	273	658	725	145	 
912	273	658	725	145	 
912	273	658	725	145	 
912	273	658	725	145	 
912	273	658	725	145	 
912	273	658	725	145	 
912	273	658	725	145	 
912	273	658	725	145	 
912	273	658	725	145	 
912	273	658	725	145	 
912	273	658	725	145	 
912	273	658	725	145	 
912	273	658	725	145	 
912	273	658	725	145	 
912	273	658	725	145	 
912	273	658	725	145	 
912	273	658	725	145	 
912	273	658	725	145	 
912	273	658	725	145	 
912	273	658	725	145	 
912	273	658	725	145	 
912	273	658	725	145	 
912	273	658	725	145	 
912	273	658	725	145	 
912	273	658	725	145	 
912	273	658	725	145	 
