808	282	645	802	822	 
808	282	645	802	822	 
808	282	645	802	822	 
808	282	645	802	822	 
808	282	645	802	822	 
808	282	645	802	822	 
808	282	645	802	822	 
808	282	645	802	822	 
808	282	645	802	822	 
808	282	645	802	822	 
808	282	645	802	822	 
808	282	645	802	822	 
808	282	645	802	822	 
808	282	645	802	822	 
808	282	645	802	822	 
808	282	645	802	822	 
808	282	645	802	822	 
808	282	645	802	822	 
808	282	645	802	822	 
808	282	645	802	822	 
808	282	645	802	822	 
808	282	645	802	822	 
808	282	645	802	822	 
808	282	645	802	822	 
808	282	645	802	822	 
808	282	645	802	822	 
808	282	645	802	822	 
808	282	645	802	822	 
808	282	645	802	822	 
808	282	645	802	822	 
808	282	645	802	822	 
808	282	645	802	822	 
808	282	645	802	822	 
808	282	645	802	822	 
808	282	645	802	822	 
808	282	645	802	822	 
808	282	645	802	822	 
808	282	645	802	822	 
808	282	645	802	822	 
808	282	645	802	822	 
808	282	645	802	822	 
808	282	645	802	822	 
808	282	645	802	822	 
808	282	645	802	822	 
808	282	645	802	822	 
808	282	645	802	822	 
808	282	645	802	822	 
808	282	645	802	822	 
808	282	645	802	822	 
808	282	645	802	822	 
808	282	645	802	822	 
