638	770	259	124	809	 
638	770	259	124	809	 
638	770	259	124	809	 
638	770	259	124	809	 
638	770	259	124	809	 
638	770	259	124	809	 
638	770	259	124	809	 
638	770	259	124	809	 
638	770	259	124	809	 
638	770	259	124	809	 
638	770	259	124	809	 
638	770	259	124	809	 
638	770	259	124	809	 
638	770	259	124	809	 
638	770	259	124	809	 
638	770	259	124	809	 
638	770	259	124	809	 
638	770	259	124	809	 
638	770	259	124	809	 
638	770	259	124	809	 
638	770	259	124	809	 
638	770	259	124	809	 
638	770	259	124	809	 
638	770	259	124	809	 
638	770	259	124	809	 
638	770	259	124	809	 
638	770	259	124	809	 
638	770	259	124	809	 
638	770	259	124	809	 
638	770	259	124	809	 
638	770	259	124	809	 
638	770	259	124	809	 
638	770	259	124	809	 
638	770	259	124	809	 
638	770	259	124	809	 
638	770	259	124	809	 
638	770	259	124	809	 
638	770	259	124	809	 
638	770	259	124	809	 
638	770	259	124	809	 
638	770	259	124	809	 
638	770	259	124	809	 
638	770	259	124	809	 
638	770	259	124	809	 
638	770	259	124	809	 
638	770	259	124	809	 
638	770	259	124	809	 
638	770	259	124	809	 
638	770	259	124	809	 
638	770	259	124	809	 
638	770	259	124	809	 
