593	711	239	613	571	 
593	711	239	613	571	 
593	711	239	613	571	 
593	711	239	613	571	 
593	711	239	613	571	 
593	711	239	613	571	 
593	711	239	613	571	 
593	711	239	613	571	 
593	711	239	613	571	 
593	711	239	613	571	 
593	711	239	613	571	 
593	711	239	613	571	 
593	711	239	613	571	 
593	711	239	613	571	 
593	711	239	613	571	 
593	711	239	613	571	 
593	711	239	613	571	 
593	711	239	613	571	 
593	711	239	613	571	 
593	711	239	613	571	 
593	711	239	613	571	 
593	711	239	613	571	 
593	711	239	613	571	 
593	711	239	613	571	 
593	711	239	613	571	 
593	711	239	613	571	 
593	711	239	613	571	 
593	711	239	613	571	 
593	711	239	613	571	 
593	711	239	613	571	 
593	711	239	613	571	 
593	711	239	613	571	 
593	711	239	613	571	 
593	711	239	613	571	 
593	711	239	613	571	 
593	711	239	613	571	 
593	711	239	613	571	 
593	711	239	613	571	 
593	711	239	613	571	 
593	711	239	613	571	 
593	711	239	613	571	 
593	711	239	613	571	 
593	711	239	613	571	 
593	711	239	613	571	 
593	711	239	613	571	 
593	711	239	613	571	 
593	711	239	613	571	 
593	711	239	613	571	 
593	711	239	613	571	 
593	711	239	613	571	 
593	711	239	613	571	 
