15:45:50.012 -> 0	0	6	952	0	 
15:45:50.012 -> 0	0	6	952	0	 
15:45:51.595 -> 0	0	9	936	0	 
15:45:51.695 -> 0	0	9	936	0	 
15:45:51.794 -> 0	0	9	936	0	 
15:45:51.894 -> 0	0	9	936	0	 
15:45:51.994 -> 0	0	9	936	0	 
15:45:52.093 -> 0	0	9	936	0	 
15:45:52.193 -> 0	0	9	936	0	 
15:45:52.293 -> 0	0	9	936	0	 
15:45:52.393 -> 0	0	9	936	0	 
15:45:52.492 -> 0	0	9	936	0	 
15:45:52.592 -> 0	0	9	936	0	 
15:45:52.692 -> 0	0	9	936	0	 
15:45:52.791 -> 0	0	9	936	0	 
15:45:52.891 -> 0	0	9	936	0	 
15:45:52.992 -> 0	0	9	936	0	 
15:45:53.091 -> 0	0	9	936	0	 
15:45:53.191 -> 0	0	9	936	0	 
15:45:53.291 -> 0	0	9	936	0	 
15:45:53.390 -> 0	0	9	936	0	 
15:45:53.490 -> 0	0	9	936	0	 
15:45:53.590 -> 0	0	9	936	0	 
15:45:53.686 -> 0	0	9	936	0	 
15:45:53.774 -> 0	0	9	936	0	 
15:45:53.874 -> 0	0	9	936	0	 
15:45:53.973 -> 0	0	9	936	0	 
15:45:54.106 -> 0	0	9	936	0	 
15:45:54.206 -> 0	0	9	936	0	 
15:45:54.305 -> 0	0	9	936	0	 
15:45:54.405 -> 0	0	9	936	0	 
15:45:54.505 -> 0	0	9	936	0	 
15:45:54.605 -> 0	0	9	936	0	 
15:45:54.705 -> 0	0	9	936	0	 
15:45:54.805 -> 0	0	9	936	0	 
15:45:54.904 -> 0	0	9	936	0	 
15:45:55.004 -> 0	0	9	936	0	 
15:45:55.104 -> 0	0	9	936	0	 
15:45:55.204 -> 0	0	9	936	0	 
15:45:55.304 -> 0	0	9	936	0	 
15:45:55.404 -> 0	0	9	936	0	 
15:45:55.503 -> 0	0	9	936	0	 
15:45:55.603 -> 0	0	9	936	0	 
15:45:55.703 -> 0	0	9	936	0	 
15:45:55.802 -> 0	0	9	936	0	 
15:45:55.902 -> 0	0	9	936	0	 
15:45:56.001 -> 0	0	9	936	0	 
15:45:56.101 -> 0	0	9	936	0	 
15:45:56.201 -> 0	0	9	936	0	 
15:45:56.300 -> 0	0	9	936	0	 
15:45:56.400 -> 0	0	9	936	0	 
15:45:56.500 -> 0	0	9	936	0	 
15:45:56.599 -> 0	0	9	936	0	 
