757	768	849	267	851	 
757	768	849	267	851	 
757	768	849	267	851	 
757	768	849	267	851	 
757	768	849	267	851	 
757	768	849	267	851	 
757	768	849	267	851	 
757	768	849	267	851	 
757	768	849	267	851	 
757	768	849	267	851	 
757	768	849	267	851	 
757	768	849	267	851	 
757	768	849	267	851	 
757	768	849	267	851	 
757	768	849	267	851	 
757	768	849	267	851	 
757	768	849	267	851	 
757	768	849	267	851	 
757	768	849	267	851	 
757	768	849	267	851	 
757	768	849	267	851	 
757	768	849	267	851	 
757	768	849	267	851	 
757	768	849	267	851	 
757	768	849	267	851	 
757	768	849	267	851	 
757	768	849	267	851	 
757	768	849	267	851	 
757	768	849	267	851	 
757	768	849	267	851	 
757	768	849	267	851	 
757	768	849	267	851	 
757	768	849	267	851	 
757	768	849	267	851	 
757	768	849	267	851	 
757	768	849	267	851	 
757	768	849	267	851	 
757	768	849	267	851	 
757	768	849	267	851	 
757	768	849	267	851	 
757	768	849	267	851	 
757	768	849	267	851	 
757	768	849	267	851	 
757	768	849	267	851	 
757	768	849	267	851	 
757	768	849	267	851	 
757	768	849	267	851	 
757	768	849	267	851	 
757	768	849	267	851	 
757	768	849	267	851	 
757	768	849	267	851	 
