15:47:09.328 -> 0	0	596	0	0	 
15:47:10.858 -> 0	0	588	0	0	 
15:47:10.958 -> 0	0	588	0	0	 
15:47:11.091 -> 0	0	588	0	0	 
15:47:11.190 -> 0	0	588	0	0	 
15:47:11.290 -> 0	0	588	0	0	 
15:47:11.390 -> 0	0	588	0	0	 
15:47:11.489 -> 0	0	588	0	0	 
15:47:11.589 -> 0	0	588	0	0	 
15:47:11.688 -> 0	0	588	0	0	 
15:47:11.788 -> 0	0	588	0	0	 
15:47:11.888 -> 0	0	588	0	0	 
15:47:11.987 -> 0	0	588	0	0	 
15:47:12.087 -> 0	0	588	0	0	 
15:47:12.186 -> 0	0	588	0	0	 
15:47:12.286 -> 0	0	588	0	0	 
15:47:12.386 -> 0	0	588	0	0	 
15:47:12.485 -> 0	0	588	0	0	 
15:47:12.585 -> 0	0	588	0	0	 
15:47:12.684 -> 0	0	588	0	0	 
15:47:12.784 -> 0	0	588	0	0	 
15:47:12.884 -> 0	0	588	0	0	 
15:47:12.983 -> 0	0	588	0	0	 
15:47:13.083 -> 0	0	588	0	0	 
15:47:13.182 -> 0	0	588	0	0	 
15:47:13.282 -> 0	0	588	0	0	 
15:47:13.382 -> 0	0	588	0	0	 
15:47:13.481 -> 0	0	588	0	0	 
15:47:13.581 -> 0	0	588	0	0	 
15:47:13.680 -> 0	0	588	0	0	 
15:47:13.780 -> 0	0	588	0	0	 
15:47:13.880 -> 0	0	588	0	0	 
15:47:13.979 -> 0	0	588	0	0	 
15:47:14.079 -> 0	0	588	0	0	 
15:47:14.178 -> 0	0	588	0	0	 
15:47:14.278 -> 0	0	588	0	0	 
15:47:14.378 -> 0	0	588	0	0	 
15:47:14.477 -> 0	0	588	0	0	 
15:47:14.577 -> 0	0	588	0	0	 
15:47:14.676 -> 0	0	588	0	0	 
15:47:14.776 -> 0	0	588	0	0	 
15:47:14.876 -> 0	0	588	0	0	 
15:47:14.975 -> 0	0	588	0	0	 
15:47:15.075 -> 0	0	588	0	0	 
15:47:15.175 -> 0	0	588	0	0	 
15:47:15.275 -> 0	0	588	0	0	 
15:47:15.407 -> 0	0	588	0	0	 
15:47:15.475 -> 0	0	588	0	0	 
15:47:15.575 -> 0	0	588	0	0	 
15:47:15.674 -> 0	0	588	0	0	 
15:47:15.807 -> 0	0	588	0	0	 
15:47:15.906 -> 0	0	588	0	0	 
