15:48:33.364 -> 0	865	0	0	1	 
15:48:33.463 -> 0	865	0	0	1	 
15:48:33.563 -> 0	865	0	0	1	 
15:48:33.662 -> 0	865	0	0	1	 
15:48:33.762 -> 0	865	0	0	1	 
15:48:33.861 -> 0	865	0	0	1	 
15:48:33.961 -> 0	865	0	0	1	 
15:48:34.060 -> 0	865	0	0	1	 
15:48:34.159 -> 0	865	0	0	1	 
15:48:34.259 -> 0	865	0	0	1	 
15:48:34.358 -> 0	865	0	0	1	 
15:48:34.457 -> 0	865	0	0	1	 
15:48:34.557 -> 0	865	0	0	1	 
15:48:34.656 -> 0	865	0	0	1	 
15:48:34.756 -> 0	865	0	0	1	 
15:48:34.855 -> 0	865	0	0	1	 
15:48:34.955 -> 0	865	0	0	1	 
15:48:35.055 -> 0	865	0	0	1	 
15:48:35.154 -> 0	865	0	0	1	 
15:48:35.254 -> 0	865	0	0	1	 
15:48:35.353 -> 0	865	0	0	1	 
15:48:35.486 -> 0	865	0	0	1	 
15:48:35.585 -> 0	865	0	0	1	 
15:48:35.656 -> 0	865	0	0	1	 
15:48:35.784 -> 0	865	0	0	1	 
15:48:35.884 -> 0	865	0	0	1	 
15:48:35.984 -> 0	865	0	0	1	 
15:48:36.083 -> 0	865	0	0	1	 
15:48:36.183 -> 0	865	0	0	1	 
15:48:36.283 -> 0	865	0	0	1	 
15:48:36.382 -> 0	865	0	0	1	 
15:48:36.482 -> 0	865	0	0	1	 
15:48:36.581 -> 0	865	0	0	1	 
15:48:36.681 -> 0	865	0	0	1	 
15:48:36.780 -> 0	865	0	0	1	 
15:48:36.880 -> 0	865	0	0	1	 
15:48:36.979 -> 0	865	0	0	1	 
15:48:37.079 -> 0	865	0	0	1	 
15:48:37.179 -> 0	865	0	0	1	 
15:48:37.278 -> 0	865	0	0	1	 
15:48:37.378 -> 0	865	0	0	1	 
15:48:37.477 -> 0	865	0	0	1	 
15:48:37.577 -> 0	865	0	0	1	 
15:48:37.676 -> 0	865	0	0	1	 
15:48:37.776 -> 0	865	0	0	1	 
15:48:37.875 -> 0	865	0	0	1	 
15:48:37.975 -> 0	865	0	0	1	 
15:48:38.074 -> 0	865	0	0	1	 
15:48:38.174 -> 0	865	0	0	1	 
15:48:38.273 -> 0	865	0	0	1	 
15:48:38.373 -> 0	865	0	0	1	 
